   -2.4773
   -1.3337
   -1.6991
   -0.8906
    0.2250
   -0.3876
    1.0964
    1.1720
    0.9603
    1.0948
    1.4469
    2.6667
    1.7334
    3.1205
    3.2692
    3.7218
    4.3251
    3.4700
    3.3958
    4.5715
    4.5205
    3.9615
    3.3251
    4.1165
    3.4033
    3.9086
    3.4827
    3.2661
    3.8084
    3.2498
    3.5136
    2.2701
    2.8491
    1.5147
    2.5542
    2.0817
    2.2852
    0.5491
    1.7147
    0.7851
    0.7401
    0.0111
   -0.5958
    0.5694
   -0.8059
   -0.5439
   -0.2128
    0.3565
   -0.5307
    0.2583
   -1.0711
   -0.7568
   -0.2003
   -1.2351
    0.0258
   -0.4475
    0.3358
   -0.2960
   -0.2787
    1.0012
    0.6607
    0.2509
   -0.1840
    1.0154
    0.9302
    0.0209
    0.1509
    1.6747
    0.8527
    0.0378
    0.0932
    0.2450
    1.5553
    0.8323
    1.0292
    0.9634
    0.2910
    1.8117
    0.8547
    0.9308
    1.6124
    1.5310
    1.4693
    2.0890
    2.6944
    2.2503
    1.7591
    1.7025
    2.1674
    1.4934
    2.9811
    2.5140
    1.7794
    2.2718
    1.3841
    2.6789
    1.8234
    1.8531
    1.7119
    1.7148
    0.9682
    0.2337
    0.6492
   -0.3077
    0.6320
   -0.8406
    0.4862
   -0.1379
   -0.0509
   -1.0267
   -1.7269
   -1.9062
   -1.2350
   -1.0004
   -2.2499
   -1.6837
   -2.8881
   -2.1050
   -2.4217
   -1.8971
   -2.6719
   -2.8875
   -2.1640
   -1.6964
   -2.4037
   -1.6442
   -1.0652
   -0.5012
   -1.1134
   -0.6409
    0.5226
    0.5498
    0.1136
    1.3784
    0.9394
    1.2909
    1.1935
    2.1981
    2.6617
    2.7736
    3.0739
